466 87
0 13
466 87
0 13
880 100
784 100
700 175
0 25
584 175
0 25
494 87
0 13
494 87
0 13
832 100
784 100
700 175
0 25
584 175
0 25
784 87
0 13
784 175
0 25
784 87
0 13
700 175
0 25
784 175
0 25
880 175
0 25
880 350
0 50
0 200
440 87
0 13
440 87
0 13
552 87
0 13
552 87
0 13
660 87
0 13
660 87
0 13
880 87
0 13
880 87
0 13
440 87
0 13
440 87
0 13
552 87
0 13
552 87
0 13
660 87
0 13
660 87
0 13
880 87
0 13
880 87
0 13
440 87
0 13
440 87
0 13
584 87
0 13
584 87
0 13
700 87
0 13
700 87
0 13
880 87
0 13
880 87
0 13
440 87
0 13
440 87
0 13
584 87
0 13
584 87
0 13
700 87
0 13
700 87
0 13
880 87
0 13
880 87
0 13
784 87
0 13
784 87
0 13
932 87
0 13
932 87
0 13
1168 87
0 13
1168 87
0 13
1568 87
0 13
1568 87
0 13
784 87
0 13
784 87
0 13
932 87
0 13
932 87
0 13
1168 87
0 13
1168 87
0 13
1568 87
0 13
1568 87
0 13
1760 87
0 13
1320 87
0 13
1104 87
0 13
880 87
0 13
1320 87
0 13
1104 87
0 13
880 87
0 13
660 87
0 13
1104 87
0 13
880 87
0 13
660 87
0 13
552 87
0 13
880 87
0 13
660 87
0 13
552 87
0 13
440 87
0 13
552 87
0 13
552 87
0 13
660 87
0 13
660 87
0 13
932 87
0 13
932 87
0 13
880 87
0 13
880 87
0 13
784 87
0 13
784 87
0 13
700 87
0 13
700 87
0 13
660 87
0 13
660 87
0 13
552 87
0 13
552 87
0 13
584 87
0 13
584 87
0 13
552 87
0 13
552 87
0 13
584 87
0 13
584 87
0 13
660 87
0 13
660 87
0 13
700 87
0 13
700 87
0 13
660 87
0 13
660 87
0 13
700 87
0 13
700 87
0 13
784 87
0 13
784 87
0 13
932 87
0 13
932 87
0 13
784 87
0 13
784 87
0 13
880 87
0 13
880 87
0 13
932 87
0 13
932 87
0 13
1168 87
0 13
1168 87
0 13
932 87
0 13
932 87
0 13
1048 87
0 13
1048 87
0 13
1168 87
0 13
1168 87
0 13
1568 87
0 13
1568 87
0 13
1320 87
0 13
1320 87
0 13
1400 87
0 13
1400 87
0 13
1568 87
0 13
1568 87
0 13
1760 87
0 13
1320 87
0 13
1104 87
0 13
880 87
0 13
660 87
0 13
552 87
0 13
440 87
0 13
330 87
0 13
350 255
330 255
292 255
292 255