350 500
0 250
0 125
350 125
440 250
0 250
524 250
0 250
700 125
660 125
584 125
660 125
700 500
0 250
660 250
0 250
584 125
0 125
524 125
466 125
440 125
466 125
524 500
0 250
466 250
0 250
440 125
0 125
440 500
262 250
0 125
262 125
350 125
0 125
262 125
0 125
350 125
0 125
262 125
0 125
350 500
0 250
0 125
350 125
440 250
0 250
524 250
0 250
880 125
784 125
700 125
784 125
880 500
0 250
784 250
0 250
700 125
0 125
660 125
700 125
784 125
700 125
660 125
0 125
784 125
0 125
660 125
0 125
784 125
0 125
584 125
0 125
700 125
0 125
660 125
700 125
784 125
700 125
660 125
0 125
784 125
0 125
660 125
0 125
784 125
0 125
584 125
0 125
700 125
0 125
660 125
0 125
660 125
584 125
524 125
0 125
524 125
466 125
440 125
0 125
524 125
0 125
700 500
0 250
784 125
0 125
660 375
700 125
0 125
700 2000
