3333333333333333333333333333333333333333333333333333
3111111111111111111111111111111111111111111111111113
3111111111111111111111111111111111111111111111111113
3111111111111111111111111111111111111111111111111113
3111111111111111111111111111111111111111111111111113
3111111111111111111111111111111111111111111111111113
3111112111121112211112222111111222211111122112211113
3111122111122111111222222221122111122112211221122113
3111122111122112211221111221122111111112211221122113
3111122222222112211221111221122111111112211221122113
3111122222222112211222222221111222211112211221122113
3111122111122112211221111221111111122112211221122113
3111122111122112211221111221111111122112211111122113
3111112111121112211121111211122222211111211111121113
3111111111111111111111111111111111111111111111111113
3111111111111111111111111111111111111111111111111113
3111111111111111111111111111111111111111111111111113
3111111111111111112211112222111111111111111111111113
3111111111111111111111221111221111111111111111111113
3111111111111111112211221111111111111111111111111113
3111111111111111112211221111111111111111111111111113
3111111111111111112211112222111111111111111111111113
3111111111111111112211111111221111111111111111111113
3111111111111111112211111111221111111111111111111113
3111111111111111112211222222111111111111111111111113
3111111111111111111111111111111111111111111111111113
3111111111111111111111111111111111111111111111111113
3111111111111111111111111111111111111111111111111113
3111111111111111111111111111111111111111111111111113
3111111222211111122221111112222111122111111111221113
3111122111122112211112211221111221122111111111221113
3111122111111112211112211221111221122111111111221113
3111122111111112211112211221111221122111111111221113
3111122111111112211112211221111221122111111111221113
3111122111111112211112211221111221122111111111221113
3111122111122112211112211221111221122111122111111113
3111111222211111122221111112222111111222211111221113
3111111111111111111111111111111111111111111111111113
3111111111111111111111111111111111111111111111111113
3111111111111111111111111111111111111111111111111113
3111111111111111111111111111111111111111111111111113
3111111111111111111111111111111111111111111111111113
3111111111111111111111111111111111111111111111111113
3222222222222222222222222222222222222222222222222223
3222222222222222222222222222222222222222222222222223
3333333333333333333333333333333333333333333333333333